<!DOCTYPE html>
<html lang="en">
<head>
<meta charset="utf-8">
<meta name="viewport" content="width=device-width, initial-scale=1">
<title>Forecast Error Variance Decomposition</title>
<style>* { margin: 0; padding: 0; box-sizing: border-box; }
body {
    font-family: -apple-system, BlinkMacSystemFont, 'Segoe UI', Roboto, Arial, sans-serif;
    background: #fff;
    color: #333;
    padding: 20px;
}
.figure-title {
    font-size: 18px;
    font-weight: 600;
    text-align: center;
    margin-bottom: 16px;
    color: #222;
}
.figure-source {
    font-size: 11px;
    color: #888;
    text-align: center;
    margin-top: 8px;
}
.panel-grid {
    display: flex;
    flex-wrap: wrap;
    gap: 16px;
    justify-content: center;
}
.panel {
    width: calc(33% - 16px);
    min-width: 300px;
    background: #fff;
    border: 1px solid #e0e0e0;
    border-radius: 4px;
    padding: 12px;
}
.panel-title {
    font-size: 13px;
    font-weight: 600;
    text-align: center;
    margin-bottom: 8px;
    color: #444;
}
.axis text { font-size: 11px; fill: #666; }
.axis line, .axis path { stroke: #ccc; }
.grid line { stroke: #f0f0f0; stroke-dasharray: 2,2; }
.grid .domain { stroke: none; }
.tooltip {
    position: absolute;
    background: rgba(0,0,0,0.8);
    color: #fff;
    padding: 6px 10px;
    border-radius: 4px;
    font-size: 11px;
    pointer-events: none;
    opacity: 0;
    transition: opacity 0.15s;
    z-index: 1000;
}
.legend { font-size: 11px; }
.legend rect { rx: 2; }
svg { overflow: visible; }
</style>
</head>
<body>
<div class="figure-title">Forecast Error Variance Decomposition</div>
<div class="panel-grid">
<div class="panel">
<div class="panel-title">Variable 1</div>
<div id="fevd_40"></div>
</div>
<div class="panel">
<div class="panel-title">Variable 2</div>
<div id="fevd_41"></div>
</div>
<div class="panel">
<div class="panel-title">Variable 3</div>
<div id="fevd_42"></div>
</div>
</div>

<div class="tooltip" id="tooltip"></div>
<script src="https://cdnjs.cloudflare.com/ajax/libs/d3/7.8.5/d3.min.js"></script>
<script>
// Shared utilities
const tooltip = d3.select('#tooltip');
function fmt(v) {
    if (v === null || v === undefined) return '';
    return Math.abs(v) >= 1000 ? v.toFixed(1) : (Math.abs(v) >= 1 ? v.toFixed(3) : v.toFixed(4));
}
function showTip(evt, html) {
    tooltip.html(html).style('opacity',1)
        .style('left',(evt.pageX+12)+'px').style('top',(evt.pageY-28)+'px');
}
function hideTip() { tooltip.style('opacity',0); }

(function() {
    const data = [{"x":1,"s1":1.0,"s2":0.0,"s3":0.0},
{"x":2,"s1":0.9815322835533126,"s2":0.006169023697658135,"s3":0.012298692749029273},
{"x":3,"s1":0.9535698963003186,"s2":0.03424007159209212,"s3":0.012190032107589238},
{"x":4,"s1":0.9520856619569479,"s2":0.035113344481253646,"s3":0.012800993561798535},
{"x":5,"s1":0.952055021769181,"s2":0.035144839078153425,"s3":0.012800139152665544},
{"x":6,"s1":0.9520097988599524,"s2":0.03517160462122683,"s3":0.012818596518820719},
{"x":7,"s1":0.9520073151423263,"s2":0.035171564023874065,"s3":0.012821120833799502},
{"x":8,"s1":0.952007008820871,"s2":0.0351717605940284,"s3":0.012821230585100735},
{"x":9,"s1":0.9520067255235712,"s2":0.035171782491099306,"s3":0.01282149198532947},
{"x":10,"s1":0.9520067140887378,"s2":0.03517178234288956,"s3":0.012821503568372526},
{"x":11,"s1":0.9520067055525866,"s2":0.035171784238209075,"s3":0.012821510209204284},
{"x":12,"s1":0.9520067022857407,"s2":0.03517178460079721,"s3":0.012821513113462243},
{"x":13,"s1":0.9520067022699099,"s2":0.035171784616674716,"s3":0.012821513113415325},
{"x":14,"s1":0.9520067020853303,"s2":0.03517178465051943,"s3":0.012821513264150215},
{"x":15,"s1":0.9520067020638276,"s2":0.03517178465147072,"s3":0.012821513284701559},
{"x":16,"s1":0.9520067020614852,"s2":0.03517178465234755,"s3":0.01282151328616722},
{"x":17,"s1":0.9520067020589302,"s2":0.035171784652691475,"s3":0.012821513288378276},
{"x":18,"s1":0.952006702058868,"s2":0.03517178465268928,"s3":0.012821513288442742},
{"x":19,"s1":0.9520067020587846,"s2":0.03517178465270857,"s3":0.012821513288506734},
{"x":20,"s1":0.9520067020587599,"s2":0.035171784652710855,"s3":0.012821513288529205}];
    const series = [{"name":"Shock 1","color":"#1f77b4","key":"s1","dash":""},{"name":"Shock 2","color":"#ff7f0e","key":"s2","dash":""},{"name":"Shock 3","color":"#2ca02c","key":"s3","dash":""}];

    const container = d3.select('#fevd_40');
    const W = Math.max(container.node().clientWidth - 24, 280);
    const margin = {top:10, right:15, bottom:35, left:55};
    const w = W - margin.left - margin.right;
    const h = Math.min(w * 0.6, 250);

    const svg = container.append('svg').attr('width', W).attr('height', h + margin.top + margin.bottom);
    const g = svg.append('g').attr('transform', 'translate('+margin.left+','+margin.top+')');

    const keys = series.map(s => s.key);
    const x = d3.scaleLinear().domain(d3.extent(data, d=>d.x)).range([0,w]);
    const y = d3.scaleLinear().domain([0,1]).range([h,0]);

    const stack = d3.stack().keys(keys).order(d3.stackOrderNone).offset(d3.stackOffsetNone);
    const stacked = stack(data);

    const area = d3.area()
        .x(d => x(d.data.x))
        .y0(d => y(d[0]))
        .y1(d => y(d[1]));

    g.selectAll('.layer').data(stacked).join('path')
        .attr('class','layer')
        .attr('d', area)
        .attr('fill', (d,i) => series[i].color)
        .attr('opacity', 0.85);

    g.append('g').attr('class','grid').call(d3.axisLeft(y).tickSize(-w).tickFormat(''));
    g.append('g').attr('class','axis').attr('transform','translate(0,'+h+')')
        .call(d3.axisBottom(x).ticks(Math.min(data.length,8)));
    g.append('g').attr('class','axis').call(d3.axisLeft(y).ticks(5).tickFormat(d3.format('.0%')));

    if('Horizon') g.append('text').attr('x',w/2).attr('y',h+30).attr('text-anchor','middle')
        .attr('font-size','11px').attr('fill','#666').text('Horizon');
    if('Proportion') g.append('text').attr('transform','rotate(-90)')
        .attr('x',-h/2).attr('y',-42).attr('text-anchor','middle')
        .attr('font-size','11px').attr('fill','#666').text('Proportion');

    // Legend
    const leg = g.append('g').attr('class','legend').attr('transform','translate(5,-5)');
    series.forEach((s,i) => {
        const gi = leg.append('g').attr('transform','translate('+(i*90)+',0)');
        gi.append('rect').attr('width',12).attr('height',12).attr('y',-6).attr('fill',s.color).attr('opacity',0.85);
        gi.append('text').attr('x',16).attr('y',4).attr('font-size','10px').attr('fill','#555').text(s.name);
    });

    // Tooltip
    svg.append('rect').attr('width',W).attr('height',h+margin.top+margin.bottom)
        .attr('fill','none').attr('pointer-events','all')
        .on('mousemove', function(evt) {
            const [mx] = d3.pointer(evt, g.node());
            const x0 = x.invert(mx);
            const idx = d3.minIndex(data, d => Math.abs(d.x - x0));
            const d = data[idx];
            let html = '<b>h='+d.x+'</b>';
            series.forEach(s => { html += '<br>'+s.name+': '+(d[s.key]*100).toFixed(1)+'%'; });
            showTip(evt, html);
        })
        .on('mouseout', hideTip);
})();

(function() {
    const data = [{"x":1,"s1":0.36433847277213,"s2":0.63566152722787,"s3":0.0},
{"x":2,"s1":0.3812949624238729,"s2":0.6132334471487743,"s3":0.005471590427352769},
{"x":3,"s1":0.37643655182395164,"s2":0.6174050273870008,"s3":0.006158420789047497},
{"x":4,"s1":0.37611343119358054,"s2":0.6171283897178613,"s3":0.0067581790885579895},
{"x":5,"s1":0.3761222191852194,"s2":0.6171179711491753,"s3":0.0067598096656053056},
{"x":6,"s1":0.3761034472257696,"s2":0.6171098542020292,"s3":0.006786698572201113},
{"x":7,"s1":0.37610257679601716,"s2":0.6171083676935035,"s3":0.0067890555104792825},
{"x":8,"s1":0.37610234222470856,"s2":0.6171082681366135,"s3":0.00678938963867793},
{"x":9,"s1":0.37610219859435406,"s2":0.6171080751202381,"s3":0.006789726285407946},
{"x":10,"s1":0.3761021964435081,"s2":0.6171080715511131,"s3":0.006789732005378784},
{"x":11,"s1":0.37610219076848744,"s2":0.6171080654500253,"s3":0.006789743781487284},
{"x":12,"s1":0.37610218940604084,"s2":0.6171080636407148,"s3":0.006789746953244374},
{"x":13,"s1":0.3761021893816691,"s2":0.6171080636412151,"s3":0.006789746977115852},
{"x":14,"s1":0.37610218928005185,"s2":0.6171080635242286,"s3":0.006789747195719494},
{"x":15,"s1":0.37610218927308026,"s2":0.6171080635136688,"s3":0.006789747213250901},
{"x":16,"s1":0.3761021892710907,"s2":0.6171080635119837,"s3":0.00678974721692577},
{"x":17,"s1":0.37610218926986927,"s2":0.617108063510448,"s3":0.006789747219682832},
{"x":18,"s1":0.3761021892698602,"s2":0.6171080635104337,"s3":0.006789747219706189},
{"x":19,"s1":0.3761021892698075,"s2":0.6171080635103778,"s3":0.0067897472198147684},
{"x":20,"s1":0.37610218926979744,"s2":0.6171080635103641,"s3":0.006789747219838497}];
    const series = [{"name":"Shock 1","color":"#1f77b4","key":"s1","dash":""},{"name":"Shock 2","color":"#ff7f0e","key":"s2","dash":""},{"name":"Shock 3","color":"#2ca02c","key":"s3","dash":""}];

    const container = d3.select('#fevd_41');
    const W = Math.max(container.node().clientWidth - 24, 280);
    const margin = {top:10, right:15, bottom:35, left:55};
    const w = W - margin.left - margin.right;
    const h = Math.min(w * 0.6, 250);

    const svg = container.append('svg').attr('width', W).attr('height', h + margin.top + margin.bottom);
    const g = svg.append('g').attr('transform', 'translate('+margin.left+','+margin.top+')');

    const keys = series.map(s => s.key);
    const x = d3.scaleLinear().domain(d3.extent(data, d=>d.x)).range([0,w]);
    const y = d3.scaleLinear().domain([0,1]).range([h,0]);

    const stack = d3.stack().keys(keys).order(d3.stackOrderNone).offset(d3.stackOffsetNone);
    const stacked = stack(data);

    const area = d3.area()
        .x(d => x(d.data.x))
        .y0(d => y(d[0]))
        .y1(d => y(d[1]));

    g.selectAll('.layer').data(stacked).join('path')
        .attr('class','layer')
        .attr('d', area)
        .attr('fill', (d,i) => series[i].color)
        .attr('opacity', 0.85);

    g.append('g').attr('class','grid').call(d3.axisLeft(y).tickSize(-w).tickFormat(''));
    g.append('g').attr('class','axis').attr('transform','translate(0,'+h+')')
        .call(d3.axisBottom(x).ticks(Math.min(data.length,8)));
    g.append('g').attr('class','axis').call(d3.axisLeft(y).ticks(5).tickFormat(d3.format('.0%')));

    if('Horizon') g.append('text').attr('x',w/2).attr('y',h+30).attr('text-anchor','middle')
        .attr('font-size','11px').attr('fill','#666').text('Horizon');
    if('Proportion') g.append('text').attr('transform','rotate(-90)')
        .attr('x',-h/2).attr('y',-42).attr('text-anchor','middle')
        .attr('font-size','11px').attr('fill','#666').text('Proportion');

    // Legend
    const leg = g.append('g').attr('class','legend').attr('transform','translate(5,-5)');
    series.forEach((s,i) => {
        const gi = leg.append('g').attr('transform','translate('+(i*90)+',0)');
        gi.append('rect').attr('width',12).attr('height',12).attr('y',-6).attr('fill',s.color).attr('opacity',0.85);
        gi.append('text').attr('x',16).attr('y',4).attr('font-size','10px').attr('fill','#555').text(s.name);
    });

    // Tooltip
    svg.append('rect').attr('width',W).attr('height',h+margin.top+margin.bottom)
        .attr('fill','none').attr('pointer-events','all')
        .on('mousemove', function(evt) {
            const [mx] = d3.pointer(evt, g.node());
            const x0 = x.invert(mx);
            const idx = d3.minIndex(data, d => Math.abs(d.x - x0));
            const d = data[idx];
            let html = '<b>h='+d.x+'</b>';
            series.forEach(s => { html += '<br>'+s.name+': '+(d[s.key]*100).toFixed(1)+'%'; });
            showTip(evt, html);
        })
        .on('mouseout', hideTip);
})();

(function() {
    const data = [{"x":1,"s1":0.00803243879048933,"s2":0.004276666996836353,"s3":0.9876908942126744},
{"x":2,"s1":0.007828785012805596,"s2":0.008201213784051125,"s3":0.9839700012031433},
{"x":3,"s1":0.008241751698591128,"s2":0.012495053067323464,"s3":0.9792631952340853},
{"x":4,"s1":0.008163443786510792,"s2":0.014951502613459388,"s3":0.9768850536000299},
{"x":5,"s1":0.008168297715662484,"s2":0.01494852489419462,"s3":0.9768831773901429},
{"x":6,"s1":0.008168276950411111,"s2":0.01508205706666092,"s3":0.976749665982928},
{"x":7,"s1":0.008167246631540502,"s2":0.015095247171050093,"s3":0.9767375061974094},
{"x":8,"s1":0.008167383218426114,"s2":0.015096863027771312,"s3":0.9767357537538026},
{"x":9,"s1":0.008167348531912496,"s2":0.01509859110675561,"s3":0.9767340603613319},
{"x":10,"s1":0.008167342778054707,"s2":0.015098619725158174,"s3":0.9767340374967871},
{"x":11,"s1":0.008167344334462905,"s2":0.015098677844622729,"s3":0.9767339778209143},
{"x":12,"s1":0.008167343603652668,"s2":0.01509869423326813,"s3":0.9767339621630792},
{"x":13,"s1":0.00816734364350563,"s2":0.015098694290959995,"s3":0.9767339620655343},
{"x":14,"s1":0.00816734364124985,"s2":0.015098695396093199,"s3":0.976733960962657},
{"x":15,"s1":0.008167343633340953,"s2":0.015098695487933108,"s3":0.976733960878726},
{"x":16,"s1":0.00816734363459021,"s2":0.015098695505412995,"s3":0.9767339608599969},
{"x":17,"s1":0.008167343634247745,"s2":0.015098695519534534,"s3":0.9767339608462178},
{"x":18,"s1":0.008167343634214015,"s2":0.015098695519647199,"s3":0.9767339608461387},
{"x":19,"s1":0.008167343634224888,"s2":0.015098695520187272,"s3":0.9767339608455878},
{"x":20,"s1":0.008167343634218721,"s2":0.015098695520310287,"s3":0.976733960845471}];
    const series = [{"name":"Shock 1","color":"#1f77b4","key":"s1","dash":""},{"name":"Shock 2","color":"#ff7f0e","key":"s2","dash":""},{"name":"Shock 3","color":"#2ca02c","key":"s3","dash":""}];

    const container = d3.select('#fevd_42');
    const W = Math.max(container.node().clientWidth - 24, 280);
    const margin = {top:10, right:15, bottom:35, left:55};
    const w = W - margin.left - margin.right;
    const h = Math.min(w * 0.6, 250);

    const svg = container.append('svg').attr('width', W).attr('height', h + margin.top + margin.bottom);
    const g = svg.append('g').attr('transform', 'translate('+margin.left+','+margin.top+')');

    const keys = series.map(s => s.key);
    const x = d3.scaleLinear().domain(d3.extent(data, d=>d.x)).range([0,w]);
    const y = d3.scaleLinear().domain([0,1]).range([h,0]);

    const stack = d3.stack().keys(keys).order(d3.stackOrderNone).offset(d3.stackOffsetNone);
    const stacked = stack(data);

    const area = d3.area()
        .x(d => x(d.data.x))
        .y0(d => y(d[0]))
        .y1(d => y(d[1]));

    g.selectAll('.layer').data(stacked).join('path')
        .attr('class','layer')
        .attr('d', area)
        .attr('fill', (d,i) => series[i].color)
        .attr('opacity', 0.85);

    g.append('g').attr('class','grid').call(d3.axisLeft(y).tickSize(-w).tickFormat(''));
    g.append('g').attr('class','axis').attr('transform','translate(0,'+h+')')
        .call(d3.axisBottom(x).ticks(Math.min(data.length,8)));
    g.append('g').attr('class','axis').call(d3.axisLeft(y).ticks(5).tickFormat(d3.format('.0%')));

    if('Horizon') g.append('text').attr('x',w/2).attr('y',h+30).attr('text-anchor','middle')
        .attr('font-size','11px').attr('fill','#666').text('Horizon');
    if('Proportion') g.append('text').attr('transform','rotate(-90)')
        .attr('x',-h/2).attr('y',-42).attr('text-anchor','middle')
        .attr('font-size','11px').attr('fill','#666').text('Proportion');

    // Legend
    const leg = g.append('g').attr('class','legend').attr('transform','translate(5,-5)');
    series.forEach((s,i) => {
        const gi = leg.append('g').attr('transform','translate('+(i*90)+',0)');
        gi.append('rect').attr('width',12).attr('height',12).attr('y',-6).attr('fill',s.color).attr('opacity',0.85);
        gi.append('text').attr('x',16).attr('y',4).attr('font-size','10px').attr('fill','#555').text(s.name);
    });

    // Tooltip
    svg.append('rect').attr('width',W).attr('height',h+margin.top+margin.bottom)
        .attr('fill','none').attr('pointer-events','all')
        .on('mousemove', function(evt) {
            const [mx] = d3.pointer(evt, g.node());
            const x0 = x.invert(mx);
            const idx = d3.minIndex(data, d => Math.abs(d.x - x0));
            const d = data[idx];
            let html = '<b>h='+d.x+'</b>';
            series.forEach(s => { html += '<br>'+s.name+': '+(d[s.key]*100).toFixed(1)+'%'; });
            showTip(evt, html);
        })
        .on('mouseout', hideTip);
})();

</script>
</body>
</html>